892834
318110
724172
216461
174433
940166
479571
847311
606015
417194
527986
163706
485149
8266
308635
475154
822228
384663
186469
873030
314052
12281
706956
218152
883362
965159
710520
321455
818853
651355
780922
518957
942730
24220
838214
879951
271483
315843
715619
59461
331134
13222
507593
816535
408711
452290
767202
81685
348379
454950
451253
896115
360845
268683
291239
352589
185595
599542
608023
473773
663181
272217
733692
251540
531208
260251
578970
988954
179401
365811
246725
98683
788312
869653
597340
329801
142800
539939
460921
710827
623618
839117
801818
813171
330056
537531
232761
21272
356608
329344
416358
967731
748413
551064
913020
604255
574541
188075
299060
72836
